  -1.1219681e-01  -1.9632065e+00  -2.6029392e+01
  -1.1417298e-01  -1.9890939e+00  -2.5745841e+01
  -1.1617490e-01  -2.0146993e+00  -2.5465653e+01
  -1.1820229e-01  -2.0400263e+00  -2.5188709e+01
  -1.2025487e-01  -2.0650778e+00  -2.4914894e+01
  -1.2233236e-01  -2.0898571e+00  -2.4644087e+01
  -1.2443449e-01  -2.1143669e+00  -2.4376171e+01
  -1.2656100e-01  -2.1386103e+00  -2.4111026e+01
  -1.2871162e-01  -2.1625899e+00  -2.3848532e+01
  -1.3088609e-01  -2.1863082e+00  -2.3588567e+01
  -1.3308415e-01  -2.2097678e+00  -2.3331010e+01
  -1.3530554e-01  -2.2329710e+00  -2.3075738e+01
  -1.3755001e-01  -2.2559200e+00  -2.2822630e+01
  -1.3981730e-01  -2.2786169e+00  -2.2571562e+01
  -1.4210716e-01  -2.3010638e+00  -2.2322411e+01
  -1.4441934e-01  -2.3232624e+00  -2.2075051e+01
  -1.4675360e-01  -2.3452144e+00  -2.1829360e+01
  -1.4910969e-01  -2.3669216e+00  -2.1585211e+01
  -1.5148736e-01  -2.3883853e+00  -2.1342480e+01
  -1.5388638e-01  -2.4096070e+00  -2.1101041e+01
  -1.5630650e-01  -2.4305878e+00  -2.0860769e+01
  -1.5874748e-01  -2.4513289e+00  -2.0621537e+01
  -1.6120908e-01  -2.4718312e+00  -2.0383220e+01
  -1.6369106e-01  -2.4920956e+00  -2.0145691e+01
  -1.6619319e-01  -2.5121228e+00  -1.9908823e+01
  -1.6871523e-01  -2.5319134e+00  -1.9672491e+01
  -1.7125694e-01  -2.5514679e+00  -1.9436567e+01
  -1.7381808e-01  -2.5707866e+00  -1.9200926e+01
  -1.7639843e-01  -2.5898698e+00  -1.8965441e+01
  -1.7899775e-01  -2.6087175e+00  -1.8729986e+01
  -1.8161579e-01  -2.6273297e+00  -1.8494435e+01
  -1.8425233e-01  -2.6457063e+00  -1.8258663e+01
  -1.8690712e-01  -2.6638470e+00  -1.8022542e+01
  -1.8957994e-01  -2.6817512e+00  -1.7785950e+01
  -1.9227055e-01  -2.6994187e+00  -1.7548759e+01
  -1.9497870e-01  -2.7168485e+00  -1.7310847e+01
  -1.9770416e-01  -2.7340401e+00  -1.7072088e+01
  -2.0044670e-01  -2.7509924e+00  -1.6832361e+01
  -2.0320607e-01  -2.7677044e+00  -1.6591540e+01
  -2.0598203e-01  -2.7841751e+00  -1.6349505e+01
  -2.0877434e-01  -2.8004030e+00  -1.6106134e+01
  -2.1158275e-01  -2.8163868e+00  -1.5861305e+01
  -2.1440703e-01  -2.8321251e+00  -1.5614898e+01
  -2.1724692e-01  -2.8476161e+00  -1.5366795e+01
  -2.2010218e-01  -2.8628581e+00  -1.5116875e+01
  -2.2297255e-01  -2.8778492e+00  -1.4865023e+01
  -2.2585779e-01  -2.8925874e+00  -1.4611121e+01
  -2.2875764e-01  -2.9070707e+00  -1.4355053e+01
  -2.3167185e-01  -2.9212968e+00  -1.4096705e+01
  -2.3460015e-01  -2.9352633e+00  -1.3835964e+01
  -2.3754229e-01  -2.9489679e+00  -1.3572718e+01
  -2.4049800e-01  -2.9624079e+00  -1.3306854e+01
  -2.4346701e-01  -2.9755807e+00  -1.3038265e+01
  -2.4644907e-01  -2.9884835e+00  -1.2766841e+01
  -2.4944389e-01  -3.0011134e+00  -1.2492476e+01
  -2.5245120e-01  -3.0134674e+00  -1.2215063e+01
  -2.5547073e-01  -3.0255424e+00  -1.1934500e+01
  -2.5850219e-01  -3.0373353e+00  -1.1650684e+01
  -2.6154531e-01  -3.0488427e+00  -1.1363514e+01
  -2.6459978e-01  -3.0600612e+00  -1.1072891e+01
  -2.6766533e-01  -3.0709873e+00  -1.0778718e+01
  -2.7074166e-01  -3.0816174e+00  -1.0480899e+01
  -2.7382847e-01  -3.0919478e+00  -1.0179341e+01
  -2.7692545e-01  -3.1019748e+00  -9.8739517e+00
  -2.8003231e-01  -3.1116944e+00  -9.5646415e+00
  -2.8314874e-01  -3.1211028e+00  -9.2513226e+00
  -2.8627441e-01  -3.1301957e+00  -8.9339093e+00
  -2.8940902e-01  -3.1389692e+00  -8.6123180e+00
  -2.9255225e-01  -3.1474189e+00  -8.2864673e+00
  -2.9570375e-01  -3.1555407e+00  -7.9562779e+00
  -2.9886322e-01  -3.1633300e+00  -7.6216729e+00
  -3.0203030e-01  -3.1707825e+00  -7.2825779e+00
  -3.0520467e-01  -3.1778937e+00  -6.9389204e+00
  -3.0838597e-01  -3.1846588e+00  -6.5906308e+00
  -3.1157387e-01  -3.1910733e+00  -6.2376417e+00
  -3.1476800e-01  -3.1971325e+00  -5.8798884e+00
  -3.1796801e-01  -3.2028315e+00  -5.5173086e+00
  -3.2117354e-01  -3.2081655e+00  -5.1498429e+00
  -3.2438422e-01  -3.2131296e+00  -4.7774342e+00
  -3.2759968e-01  -3.2177187e+00  -4.4000285e+00
  -3.3081953e-01  -3.2219279e+00  -4.0175744e+00
  -3.3404340e-01  -3.2257522e+00  -3.6300233e+00
  -3.3727091e-01  -3.2291863e+00  -3.2373294e+00
  -3.4050164e-01  -3.2322251e+00  -2.8394500e+00
  -3.4373522e-01  -3.2348634e+00  -2.4363451e+00
  -3.4697124e-01  -3.2370960e+00  -2.0279779e+00
  -3.5020928e-01  -3.2389176e+00  -1.6143146e+00
  -3.5344893e-01  -3.2403229e+00  -1.1953243e+00
  -3.5668978e-01  -3.2413065e+00  -7.7097940e-01
  -3.5993140e-01  -3.2418630e+00  -3.4125533e-01
  -3.6317336e-01  -3.2419872e+00   9.3869254e-02
  -3.6641523e-01  -3.2416735e+00   5.3441247e-01
  -3.6965656e-01  -3.2409165e+00   9.8038922e-01
  -3.7289691e-01  -3.2397109e+00   1.4318111e+00
  -3.7613583e-01  -3.2380511e+00   1.8886863e+00
  -3.7937286e-01  -3.2359317e+00   2.3510199e+00
  -3.8260754e-01  -3.2333472e+00   2.8188134e+00
  -3.8583940e-01  -3.2302923e+00   3.2920649e+00
  -3.8906797e-01  -3.2267613e+00   3.7707692e+00
  -3.9229276e-01  -3.2227489e+00   4.2549175e+00
  -3.9551330e-01  -3.2182497e+00   4.7444976e+00
  -3.9872910e-01  -3.2132581e+00   5.2394938e+00
  -4.0193965e-01  -3.2077689e+00   5.7398868e+00
  -4.0514447e-01  -3.2017765e+00   6.2456540e+00
  -4.0834304e-01  -3.1952758e+00   6.7567688e+00
  -4.1153485e-01  -3.1882612e+00   7.2732015e+00
  -4.1471939e-01  -3.1807276e+00   7.7949185e+00
  -4.1789613e-01  -3.1726696e+00   8.3218828e+00
  -4.2106455e-01  -3.1640821e+00   8.8540535e+00
  -4.2422412e-01  -3.1549598e+00   9.3913864e+00
  -4.2737429e-01  -3.1452976e+00   9.9338334e+00
  -4.3051453e-01  -3.1350905e+00   1.0481343e+01
  -4.3364429e-01  -3.1243333e+00   1.1033860e+01
  -4.3676301e-01  -3.1130211e+00   1.1591325e+01
  -4.3987014e-01  -3.1011490e+00   1.2153676e+01
  -4.4296512e-01  -3.0887121e+00   1.2720847e+01
  -4.4604738e-01  -3.0757057e+00   1.3292768e+01
  -4.4911634e-01  -3.0621250e+00   1.3869365e+01
  -4.5217143e-01  -3.0479655e+00   1.4450561e+01
  -4.5521208e-01  -3.0332224e+00   1.5036276e+01
  -4.5823768e-01  -3.0178914e+00   1.5626425e+01
  -4.6124766e-01  -3.0019681e+00   1.6220920e+01
  -4.6424142e-01  -2.9854482e+00   1.6819670e+01
  -4.6721836e-01  -2.9683274e+00   1.7422580e+01
  -4.7017787e-01  -2.9506017e+00   1.8029551e+01
  -4.7311936e-01  -2.9322670e+00   1.8640480e+01
  -4.7604220e-01  -2.9133194e+00   1.9255263e+01
  -4.7894579e-01  -2.8937552e+00   1.9873789e+01
  -4.8182951e-01  -2.8735706e+00   2.0495947e+01
  -4.8469273e-01  -2.8527621e+00   2.1121620e+01
  -4.8753482e-01  -2.8313263e+00   2.1750688e+01
  -4.9035517e-01  -2.8092597e+00   2.2383029e+01
  -4.9315313e-01  -2.7865591e+00   2.3018517e+01
  -4.9592807e-01  -2.7632216e+00   2.3657022e+01
  -4.9867936e-01  -2.7392441e+00   2.4298411e+01
  -5.0140635e-01  -2.7146239e+00   2.4942548e+01
  -5.0410839e-01  -2.6893582e+00   2.5589294e+01
  -5.0678485e-01  -2.6634445e+00   2.6238507e+01
  -5.0943506e-01  -2.6368804e+00   2.6890041e+01
  -5.1205839e-01  -2.6096637e+00   2.7543747e+01
  -5.1465417e-01  -2.5817922e+00   2.8199474e+01
  -5.1722176e-01  -2.5532641e+00   2.8857067e+01
  -5.1976048e-01  -2.5240775e+00   2.9516370e+01
  -5.2226969e-01  -2.4942308e+00   3.0177221e+01
  -5.2474872e-01  -2.4637226e+00   3.0839457e+01
  -5.2719692e-01  -2.4325515e+00   3.1502914e+01
  -5.2961361e-01  -2.4007164e+00   3.2167421e+01
  -5.3199813e-01  -2.3682164e+00   3.2832809e+01
  -5.3434982e-01  -2.3350506e+00   3.3498902e+01
  -5.3666801e-01  -2.3012184e+00   3.4165526e+01
  -5.3895203e-01  -2.2667194e+00   3.4832502e+01
  -5.4120122e-01  -2.2315533e+00   3.5499648e+01
  -5.4341491e-01  -2.1957201e+00   3.6166781e+01
  -5.4559244e-01  -2.1592198e+00   3.6833715e+01
  -5.4773313e-01  -2.1220528e+00   3.7500264e+01
  -5.4983632e-01  -2.0842195e+00   3.8166237e+01
  -5.5190135e-01  -2.0457206e+00   3.8831442e+01
  -5.5392754e-01  -2.0065569e+00   3.9495686e+01
  -5.5591424e-01  -1.9667296e+00   4.0158773e+01
  -5.5786078e-01  -1.9262399e+00   4.0820507e+01
  -5.5976650e-01  -1.8850891e+00   4.1480687e+01
  -5.6163074e-01  -1.8432791e+00   4.2139114e+01
  -5.6345284e-01  -1.8008115e+00   4.2795585e+01
  -5.6523215e-01  -1.7576886e+00   4.3449897e+01
  -5.6696800e-01  -1.7139125e+00   4.4101845e+01
  -5.6865975e-01  -1.6694858e+00   4.4751222e+01
  -5.7030676e-01  -1.6244110e+00   4.5397823e+01
  -5.7190836e-01  -1.5786911e+00   4.6041437e+01
  -5.7346392e-01  -1.5323292e+00   4.6681856e+01
  -5.7497281e-01  -1.4853286e+00   4.7318870e+01
  -5.7643437e-01  -1.4376927e+00   4.7952267e+01
  -5.7784798e-01  -1.3894253e+00   4.8581836e+01
  -5.7921301e-01  -1.3405303e+00   4.9207364e+01
  -5.8052883e-01  -1.2910120e+00   4.9828639e+01
  -5.8179483e-01  -1.2408746e+00   5.0445447e+01
  -5.8301038e-01  -1.1901227e+00   5.1057574e+01
  -5.8417487e-01  -1.1387610e+00   5.1664807e+01
  -5.8528770e-01  -1.0867947e+00   5.2266931e+01
  -5.8634826e-01  -1.0342290e+00   5.2863733e+01
  -5.8735596e-01  -9.8106912e-01   5.3454998e+01
  -5.8831020e-01  -9.2732088e-01   5.4040514e+01
  -5.8921041e-01  -8.7299008e-01   5.4620065e+01
  -5.9005599e-01  -8.1808281e-01   5.5193440e+01
  -5.9084638e-01  -7.6260533e-01   5.5760425e+01
  -5.9158101e-01  -7.0656415e-01   5.6320809e+01
  -5.9225932e-01  -6.4996598e-01   5.6874380e+01
  -5.9288076e-01  -5.9281774e-01   5.7420927e+01
  -5.9344478e-01  -5.3512654e-01   5.7960240e+01
  -5.9395084e-01  -4.7689974e-01   5.8492112e+01
  -5.9439840e-01  -4.1814487e-01   5.9016333e+01
  -5.9478695e-01  -3.5886969e-01   5.9532698e+01
  -5.9511597e-01  -2.9908216e-01   6.0041001e+01
  -5.9538495e-01  -2.3879044e-01   6.0541039e+01
  -5.9559339e-01  -1.7800290e-01   6.1032610e+01
  -5.9574079e-01  -1.1672811e-01   6.1515511e+01
  -5.9582668e-01  -5.4974836e-02   6.1989546e+01
  -5.9585059e-01   7.2479574e-03   6.2454515e+01
  -5.9581203e-01   6.9931107e-02   6.2910224e+01
  -5.9571057e-01   1.3306525e-01   6.3356480e+01
  -5.9554576e-01   1.9664085e-01   6.3793091e+01
  -5.9531715e-01   2.6064816e-01   6.4219868e+01
  -5.9502432e-01   3.2507725e-01   6.4636624e+01
  -5.9466686e-01   3.8991800e-01   6.5043175e+01
  -5.9424435e-01   4.5516013e-01   6.5439339e+01
  -5.9375640e-01   5.2079316e-01   6.5824936e+01
  -5.9320264e-01   5.8680643e-01   6.6199791e+01
  -5.9258267e-01   6.5318910e-01   6.6563728e+01
  -5.9189614e-01   7.1993019e-01   6.6916577e+01
  -5.9114269e-01   7.8701850e-01   6.7258169e+01
  -5.9032199e-01   8.5444272e-01   6.7588340e+01
  -5.8943370e-01   9.2219132e-01   6.7906928e+01
  -5.8847750e-01   9.9025266e-01   6.8213773e+01
  -5.8745309e-01   1.0586149e+00   6.8508720e+01
  -5.8636018e-01   1.1272661e+00   6.8791617e+01
  -5.8519847e-01   1.1961941e+00   6.9062316e+01
  -5.8396770e-01   1.2653866e+00   6.9320670e+01
  -5.8266761e-01   1.3348312e+00   6.9566540e+01
  -5.8129796e-01   1.4045155e+00   6.9799786e+01
  -5.7985851e-01   1.4744266e+00   7.0020274e+01
  -5.7834903e-01   1.5445517e+00   7.0227876e+01
  -5.7676933e-01   1.6148780e+00   7.0422463e+01
  -5.7511921e-01   1.6853923e+00   7.0603914e+01
  -5.7339849e-01   1.7560814e+00   7.0772112e+01
  -5.7160700e-01   1.8269320e+00   7.0926940e+01
  -5.6974458e-01   1.8979308e+00   7.1068291e+01
  -5.6781109e-01   1.9690641e+00   7.1196057e+01
  -5.6580641e-01   2.0403183e+00   7.1310138e+01
  -5.6373042e-01   2.1116798e+00   7.1410437e+01
  -5.6158302e-01   2.1831346e+00   7.1496862e+01
  -5.5936412e-01   2.2546688e+00   7.1569323e+01
  -5.5707366e-01   2.3262685e+00   7.1627738e+01
  -5.5471157e-01   2.3979196e+00   7.1672029e+01
  -5.5227781e-01   2.4696079e+00   7.1702120e+01
  -5.4977235e-01   2.5413191e+00   7.1717942e+01
  -5.4719517e-01   2.6130390e+00   7.1719431e+01
  -5.4454627e-01   2.6847532e+00   7.1706526e+01
  -5.4182567e-01   2.7564472e+00   7.1679173e+01
  -5.3903339e-01   2.8281067e+00   7.1637320e+01
  -5.3616947e-01   2.8997170e+00   7.1580924e+01
  -5.3323397e-01   2.9712637e+00   7.1509942e+01
  -5.3022697e-01   3.0427320e+00   7.1424341e+01
  -5.2714854e-01   3.1141075e+00   7.1324089e+01
  -5.2399879e-01   3.1853753e+00   7.1209160e+01
  -5.2077783e-01   3.2565209e+00   7.1079535e+01
  -5.1748579e-01   3.3275295e+00   7.0935198e+01
  -5.1412282e-01   3.3983864e+00   7.0776138e+01
  -5.1068908e-01   3.4690768e+00   7.0602351e+01
  -5.0718473e-01   3.5395862e+00   7.0413837e+01
  -5.0360997e-01   3.6098996e+00   7.0210600e+01
  -4.9996500e-01   3.6800024e+00   6.9992650e+01
  -4.9625004e-01   3.7498800e+00   6.9760004e+01
  -4.9246532e-01   3.8195176e+00   6.9512681e+01
  -4.8861109e-01   3.8889005e+00   6.9250707e+01
  -4.8468761e-01   3.9580141e+00   6.8974113e+01
  -4.8069516e-01   4.0268438e+00   6.8682935e+01
  -4.7663402e-01   4.0953751e+00   6.8377213e+01
  -4.7250451e-01   4.1635934e+00   6.8056995e+01
  -4.6830694e-01   4.2314843e+00   6.7722330e+01
  -4.6404166e-01   4.2990333e+00   6.7373277e+01
  -4.5970900e-01   4.3662261e+00   6.7009895e+01
  -4.5530933e-01   4.4330483e+00   6.6632251e+01
  -4.5084303e-01   4.4994859e+00   6.6240418e+01
  -4.4631049e-01   4.5655245e+00   6.5834471e+01
  -4.4171212e-01   4.6311501e+00   6.5414493e+01
  -4.3704833e-01   4.6963488e+00   6.4980569e+01
  -4.3231957e-01   4.7611066e+00   6.4532792e+01
  -4.2752627e-01   4.8254098e+00   6.4071257e+01
  -4.2266890e-01   4.8892446e+00   6.3596065e+01
  -4.1774794e-01   4.9525974e+00   6.3107324e+01
  -4.1276387e-01   5.0154548e+00   6.2605144e+01
  -4.0771720e-01   5.0778033e+00   6.2089639e+01
  -4.0260844e-01   5.1396296e+00   6.1560931e+01
  -3.9743812e-01   5.2009208e+00   6.1019145e+01
  -3.9220678e-01   5.2616636e+00   6.0464410e+01
  -3.8691498e-01   5.3218453e+00   5.9896860e+01
  -3.8156328e-01   5.3814531e+00   5.9316633e+01
  -3.7615227e-01   5.4404744e+00   5.8723873e+01
  -3.7068253e-01   5.4988967e+00   5.8118728e+01
  -3.6515468e-01   5.5567078e+00   5.7501348e+01
  -3.5956932e-01   5.6138954e+00   5.6871890e+01
  -3.5392710e-01   5.6704476e+00   5.6230514e+01
  -3.4822865e-01   5.7263525e+00   5.5577385e+01
  -3.4247461e-01   5.7815985e+00   5.4912670e+01
  -3.3666567e-01   5.8361740e+00   5.4236542e+01
  -3.3080249e-01   5.8900678e+00   5.3549178e+01
  -3.2488577e-01   5.9432687e+00   5.2850757e+01
  -3.1891619e-01   5.9957657e+00   5.2141463e+01
  -3.1289447e-01   6.0475481e+00   5.1421485e+01
  -3.0682134e-01   6.0986052e+00   5.0691012e+01
  -3.0069751e-01   6.1489267e+00   4.9950241e+01
  -2.9452373e-01   6.1985023e+00   4.9199369e+01
  -2.8830076e-01   6.2473221e+00   4.8438598e+01
  -2.8202934e-01   6.2953763e+00   4.7668133e+01
  -2.7571026e-01   6.3426552e+00   4.6888181e+01
  -2.6934429e-01   6.3891495e+00   4.6098955e+01
  -2.6293223e-01   6.4348501e+00   4.5300667e+01
  -2.5647486e-01   6.4797479e+00   4.4493537e+01
  -2.4997300e-01   6.5238343e+00   4.3677782e+01
  -2.4342747e-01   6.5671007e+00   4.2853627e+01
  -2.3683908e-01   6.6095388e+00   4.2021297e+01
  -2.3020867e-01   6.6511406e+00   4.1181020e+01
  -2.2353708e-01   6.6918983e+00   4.0333025e+01
  -2.1682515e-01   6.7318042e+00   3.9477547e+01
  -2.1007375e-01   6.7708510e+00   3.8614821e+01
  -2.0328374e-01   6.8090315e+00   3.7745083e+01
  -1.9645598e-01   6.8463389e+00   3.6868573e+01
  -1.8959136e-01   6.8827665e+00   3.5985533e+01
  -1.8269075e-01   6.9183079e+00   3.5096205e+01
  -1.7575504e-01   6.9529569e+00   3.4200836e+01
  -1.6878513e-01   6.9867076e+00   3.3299672e+01
  -1.6178192e-01   7.0195544e+00   3.2392960e+01
  -1.5474633e-01   7.0514918e+00   3.1480952e+01
  -1.4767925e-01   7.0825146e+00   3.0563899e+01
  -1.4058160e-01   7.1126180e+00   2.9642053e+01
  -1.3345432e-01   7.1417972e+00   2.8715667e+01
  -1.2629832e-01   7.1700479e+00   2.7784997e+01
  -1.1911453e-01   7.1973658e+00   2.6850299e+01
  -1.1190390e-01   7.2237472e+00   2.5911829e+01
  -1.0466735e-01   7.2491883e+00   2.4969845e+01
  -9.7405836e-02   7.2736858e+00   2.4024604e+01
  -9.0120296e-02   7.2972365e+00   2.3076367e+01
  -8.2811680e-02   7.3198376e+00   2.2125391e+01
  -7.5480938e-02   7.3414865e+00   2.1171936e+01
  -6.8129025e-02   7.3621808e+00   2.0216263e+01
  -6.0756896e-02   7.3819184e+00   1.9258632e+01
  -5.3365508e-02   7.4006975e+00   1.8299302e+01
  -4.5955821e-02   7.4185165e+00   1.7338533e+01
  -3.8528795e-02   7.4353741e+00   1.6376586e+01
  -3.1085393e-02   7.4512693e+00   1.5413721e+01
  -2.3626578e-02   7.4662013e+00   1.4450196e+01
  -1.6153312e-02   7.4801696e+00   1.3486270e+01
  -8.6665597e-03   7.4931738e+00   1.2522203e+01
  -1.1672854e-03   7.5052140e+00   1.1558252e+01
   6.3435471e-03   7.5162905e+00   1.0594673e+01
   1.3864974e-02   7.5264036e+00   9.6317247e+00
   2.1396033e-02   7.5355542e+00   8.6696608e+00
   2.8935762e-02   7.5437433e+00   7.7087362e+00
   3.6483200e-02   7.5509722e+00   6.7492043e+00
   4.4037387e-02   7.5572423e+00   5.7913174e+00
   5.1597366e-02   7.5625554e+00   4.8353263e+00
   5.9162180e-02   7.5669136e+00   3.8814807e+00
   6.6730875e-02   7.5703192e+00   2.9300287e+00
   7.4302501e-02   7.5727746e+00   1.9812170e+00
   8.1876109e-02   7.5742826e+00   1.0352906e+00
   8.9450752e-02   7.5748462e+00   9.2492903e-02
   9.7025487e-02   7.5744687e+00  -8.4693447e-01
   1.0459938e-01   7.5731535e+00  -1.7827518e+00
   1.1217148e-01   7.5709045e+00  -2.7147212e+00
   1.1974088e-01   7.5677254e+00  -3.6426069e+00
   1.2730663e-01   7.5636207e+00  -4.5661751e+00
   1.3486781e-01   7.5585946e+00  -5.4851943e+00
   1.4242351e-01   7.5526519e+00  -6.3994350e+00
   1.4997281e-01   7.5457974e+00  -7.3086701e+00
   1.5751480e-01   7.5380363e+00  -8.2126750e+00
   1.6504858e-01   7.5293739e+00  -9.1112273e+00
   1.7257325e-01   7.5198157e+00  -1.0004107e+01
   1.8008792e-01   7.5093676e+00  -1.0891098e+01
   1.8759169e-01   7.4980356e+00  -1.1771984e+01
   1.9508369e-01   7.4858258e+00  -1.2646554e+01
   2.0256305e-01   7.4727446e+00  -1.3514599e+01
   2.1002890e-01   7.4587988e+00  -1.4375912e+01
   2.1748036e-01   7.4439951e+00  -1.5230290e+01
   2.2491660e-01   7.4283406e+00  -1.6077532e+01
   2.3233676e-01   7.4118425e+00  -1.6917441e+01
   2.3974001e-01   7.3945082e+00  -1.7749821e+01
   2.4712550e-01   7.3763454e+00  -1.8574482e+01
   2.5449243e-01   7.3573619e+00  -1.9391235e+01
   2.6183996e-01   7.3375657e+00  -2.0199894e+01
   2.6916729e-01   7.3169649e+00  -2.1000278e+01
   2.7647362e-01   7.2955679e+00  -2.1792208e+01
   2.8375816e-01   7.2733833e+00  -2.2575507e+01
   2.9102013e-01   7.2504198e+00  -2.3350004e+01
   2.9825875e-01   7.2266863e+00  -2.4115530e+01
   3.0547325e-01   7.2021918e+00  -2.4871918e+01
   3.1266288e-01   7.1769456e+00  -2.5619008e+01
   3.1982689e-01   7.1509570e+00  -2.6356640e+01
   3.2696455e-01   7.1242355e+00  -2.7084658e+01
   3.3407512e-01   7.0967909e+00  -2.7802912e+01
   3.4115789e-01   7.0686330e+00  -2.8511253e+01
   3.4821215e-01   7.0397718e+00  -2.9209536e+01
   3.5523720e-01   7.0102173e+00  -2.9897620e+01
   3.6223236e-01   6.9799800e+00  -3.0575367e+01
   3.6919694e-01   6.9490701e+00  -3.1242643e+01
   3.7613028e-01   6.9174982e+00  -3.1899319e+01
   3.8303172e-01   6.8852750e+00  -3.2545266e+01
   3.8990062e-01   6.8524113e+00  -3.3180362e+01
   3.9673633e-01   6.8189179e+00  -3.3804488e+01
   4.0353825e-01   6.7848060e+00  -3.4417527e+01
   4.1030574e-01   6.7500866e+00  -3.5019368e+01
   4.1703822e-01   6.7147710e+00  -3.5609901e+01
   4.2373509e-01   6.6788706e+00  -3.6189021e+01
   4.3039577e-01   6.6423968e+00  -3.6756628e+01
   4.3701970e-01   6.6053612e+00  -3.7312623e+01
   4.4360631e-01   6.5677755e+00  -3.7856913e+01
   4.5015507e-01   6.5296514e+00  -3.8389407e+01
   4.5666544e-01   6.4910006e+00  -3.8910018e+01
   4.6313690e-01   6.4518353e+00  -3.9418663e+01
   4.6956894e-01   6.4121673e+00  -3.9915263e+01
   4.7596107e-01   6.3720088e+00  -4.0399741e+01
   4.8231280e-01   6.3313719e+00  -4.0872025e+01
   4.8862366e-01   6.2902689e+00  -4.1332046e+01
   4.9489318e-01   6.2487119e+00  -4.1779740e+01
   5.0112093e-01   6.2067135e+00  -4.2215043e+01
   5.0730647e-01   6.1642860e+00  -4.2637899e+01
   5.1344937e-01   6.1214419e+00  -4.3048251e+01
   5.1954922e-01   6.0781937e+00  -4.3446049e+01
   5.2560562e-01   6.0345540e+00  -4.3831245e+01
   5.3161820e-01   5.9905354e+00  -4.4203793e+01
   5.3758657e-01   5.9461506e+00  -4.4563654e+01
   5.4351038e-01   5.9014123e+00  -4.4910789e+01
   5.4938928e-01   5.8563333e+00  -4.5245164e+01
   5.5522294e-01   5.8109263e+00  -4.5566748e+01
   5.6101103e-01   5.7652041e+00  -4.5875512e+01
   5.6675325e-01   5.7191795e+00  -4.6171432e+01
   5.7244929e-01   5.6728655e+00  -4.6454486e+01
   5.7809889e-01   5.6262749e+00  -4.6724656e+01
   5.8370176e-01   5.5794205e+00  -4.6981927e+01
   5.8925764e-01   5.5323153e+00  -4.7226286e+01
   5.9476631e-01   5.4849722e+00  -4.7457725e+01
   6.0022751e-01   5.4374042e+00  -4.7676236e+01
   6.0564104e-01   5.3896241e+00  -4.7881818e+01
   6.1100669e-01   5.3416448e+00  -4.8074468e+01
   6.1632427e-01   5.2934794e+00  -4.8254191e+01
   6.2159360e-01   5.2451408e+00  -4.8420990e+01
   6.2681450e-01   5.1966418e+00  -4.8574875e+01
   6.3198683e-01   5.1479953e+00  -4.8715856e+01
   6.3711045e-01   5.0992143e+00  -4.8843947e+01
   6.4218522e-01   5.0503117e+00  -4.8959163e+01
   6.4721103e-01   5.0013003e+00  -4.9061524e+01
   6.5218779e-01   4.9521929e+00  -4.9151050e+01
   6.5711539e-01   4.9030025e+00  -4.9227766e+01
   6.6199377e-01   4.8537417e+00  -4.9291697e+01
   6.6682285e-01   4.8044233e+00  -4.9342872e+01
   6.7160260e-01   4.7550602e+00  -4.9381322e+01
   6.7633296e-01   4.7056649e+00  -4.9407079e+01
   6.8101392e-01   4.6562502e+00  -4.9420180e+01
   6.8564546e-01   4.6068288e+00  -4.9420662e+01
   6.9022758e-01   4.5574131e+00  -4.9408564e+01
   6.9476030e-01   4.5080158e+00  -4.9383929e+01
   6.9924362e-01   4.4586494e+00  -4.9346799e+01
   7.0367761e-01   4.4093264e+00  -4.9297221e+01
   7.0806230e-01   4.3600591e+00  -4.9235241e+01
   7.1239775e-01   4.3108600e+00  -4.9160911e+01
   7.1668404e-01   4.2617414e+00  -4.9074280e+01
   7.2092126e-01   4.2127155e+00  -4.8975402e+01
   7.2510951e-01   4.1637946e+00  -4.8864331e+01
   7.2924889e-01   4.1149909e+00  -4.8741123e+01
   7.3333953e-01   4.0663164e+00  -4.8605838e+01
   7.3738157e-01   4.0177832e+00  -4.8458533e+01
   7.4137515e-01   3.9694033e+00  -4.8299269e+01
   7.4532043e-01   3.9211887e+00  -4.8128110e+01
   7.4921759e-01   3.8731511e+00  -4.7945118e+01
   7.5306680e-01   3.8253024e+00  -4.7750358e+01
   7.5686826e-01   3.7776543e+00  -4.7543897e+01
   7.6062218e-01   3.7302184e+00  -4.7325801e+01
   7.6432877e-01   3.6830065e+00  -4.7096140e+01
   7.6798827e-01   3.6360300e+00  -4.6854982e+01
   7.7160091e-01   3.5893003e+00  -4.6602399e+01
   7.7516696e-01   3.5428290e+00  -4.6338462e+01
   7.7868666e-01   3.4966272e+00  -4.6063243e+01
   7.8216030e-01   3.4507062e+00  -4.5776815e+01
   7.8558817e-01   3.4050773e+00  -4.5479254e+01
   7.8897056e-01   3.3597514e+00  -4.5170633e+01
   7.9230778e-01   3.3147397e+00  -4.4851028e+01
   7.9560015e-01   3.2700530e+00  -4.4520516e+01
   7.9884800e-01   3.2257022e+00  -4.4179173e+01
   8.0205167e-01   3.1816982e+00  -4.3827077e+01
   8.0521151e-01   3.1380516e+00  -4.3464306e+01
   8.0832789e-01   3.0947731e+00  -4.3090938e+01
   8.1140118e-01   3.0518733e+00  -4.2707052e+01
   8.1443177e-01   3.0093625e+00  -4.2312727e+01
   8.1742004e-01   2.9672513e+00  -4.1908042e+01
   8.2036641e-01   2.9255499e+00  -4.1493078e+01
   8.2327128e-01   2.8842685e+00  -4.1067914e+01
   8.2613509e-01   2.8434174e+00  -4.0632630e+01
   8.2895826e-01   2.8030066e+00  -4.0187307e+01
   8.3174125e-01   2.7630461e+00  -3.9732024e+01
   8.3448451e-01   2.7235459e+00  -3.9266863e+01
   8.3718850e-01   2.6845157e+00  -3.8791903e+01
   8.3985370e-01   2.6459653e+00  -3.8307226e+01
   8.4248059e-01   2.6079044e+00  -3.7812910e+01
   8.4506968e-01   2.5703426e+00  -3.7309036e+01
   8.4762145e-01   2.5332895e+00  -3.6795685e+01
   8.5013643e-01   2.4967544e+00  -3.6272935e+01
   8.5261513e-01   2.4607467e+00  -3.5740866e+01
   8.5505810e-01   2.4252758e+00  -3.5199557e+01
   8.5746587e-01   2.3903507e+00  -3.4649087e+01
   8.5983899e-01   2.3559806e+00  -3.4089535e+01
   8.6217802e-01   2.3221746e+00  -3.3520978e+01
   8.6448353e-01   2.2889416e+00  -3.2943494e+01
   8.6675609e-01   2.2562906e+00  -3.2357160e+01
   8.6899630e-01   2.2242302e+00  -3.1762053e+01
   8.7120475e-01   2.1927694e+00  -3.1158248e+01
   8.7338205e-01   2.1619166e+00  -3.0545822e+01
   8.7552879e-01   2.1316806e+00  -2.9924849e+01
   8.7764562e-01   2.1020697e+00  -2.9295403e+01
   8.7973314e-01   2.0730926e+00  -2.8657557e+01
   8.8179201e-01   2.0447574e+00  -2.8011386e+01
   8.8382288e-01   2.0170725e+00  -2.7356960e+01
   8.8582638e-01   1.9900462e+00  -2.6694352e+01
   8.8780311e-01   1.9634456e+00  -2.6506515e+01
   8.8975333e-01   1.9370339e+00  -2.6316420e+01
   8.9167724e-01   1.9108135e+00  -2.6124156e+01
   8.9357502e-01   1.8847863e+00  -2.5929817e+01
   8.9544688e-01   1.8589545e+00  -2.5733492e+01
   8.9729300e-01   1.8333200e+00  -2.5535271e+01
   8.9911359e-01   1.8078846e+00  -2.5335242e+01
   9.0090884e-01   1.7826500e+00  -2.5133493e+01
   9.0267895e-01   1.7576181e+00  -2.4930110e+01
   9.0442414e-01   1.7327903e+00  -2.4725179e+01
   9.0614460e-01   1.7081682e+00  -2.4518784e+01
   9.0784055e-01   1.6837532e+00  -2.4311010e+01
   9.0951218e-01   1.6595467e+00  -2.4101938e+01
   9.1115971e-01   1.6355498e+00  -2.3891651e+01
   9.1278335e-01   1.6117637e+00  -2.3680228e+01
   9.1438331e-01   1.5881897e+00  -2.3467750e+01
   9.1595980e-01   1.5648286e+00  -2.3254294e+01
   9.1751304e-01   1.5416814e+00  -2.3039937e+01
   9.1904323e-01   1.5187490e+00  -2.2824757e+01
   9.2055060e-01   1.4960321e+00  -2.2608827e+01
   9.2203537e-01   1.4735315e+00  -2.2392222e+01
   9.2349774e-01   1.4512479e+00  -2.2175014e+01
   9.2493794e-01   1.4291817e+00  -2.1957275e+01
   9.2635618e-01   1.4073335e+00  -2.1739075e+01
   9.2775268e-01   1.3857037e+00  -2.1520484e+01
   9.2912766e-01   1.3642926e+00  -2.1301569e+01
   9.3048133e-01   1.3431006e+00  -2.1082397e+01
   9.3181393e-01   1.3221279e+00  -2.0863035e+01
   9.3312566e-01   1.3013746e+00  -2.0643546e+01
   9.3441675e-01   1.2808408e+00  -2.0423994e+01
   9.3568742e-01   1.2605266e+00  -2.0204441e+01
   9.3693788e-01   1.2404319e+00  -1.9984947e+01
   9.3816836e-01   1.2205567e+00  -1.9765573e+01
   9.3937907e-01   1.2009007e+00  -1.9546378e+01
   9.4057023e-01   1.1814638e+00  -1.9327417e+01
   9.4174207e-01   1.1622458e+00  -1.9108748e+01
   9.4289479e-01   1.1432462e+00  -1.8890425e+01
   9.4402863e-01   1.1244648e+00  -1.8672502e+01
   9.4514380e-01   1.1059011e+00  -1.8455031e+01
   9.4624051e-01   1.0875546e+00  -1.8238064e+01
   9.4731898e-01   1.0694247e+00  -1.8021651e+01
   9.4837943e-01   1.0515111e+00  -1.7805840e+01
   9.4942207e-01   1.0338129e+00  -1.7590680e+01
   9.5044713e-01   1.0163295e+00  -1.7376216e+01
   9.5145480e-01   9.9906017e-01  -1.7162494e+01
   9.5244532e-01   9.8200421e-01  -1.6949559e+01
   9.5341888e-01   9.6516078e-01  -1.6737453e+01
   9.5437571e-01   9.4852902e-01  -1.6526218e+01
   9.5531601e-01   9.3210804e-01  -1.6315894e+01
   9.5623999e-01   9.1589691e-01  -1.6106522e+01
   9.5714787e-01   8.9989466e-01  -1.5898139e+01
   9.5803985e-01   8.8410029e-01  -1.5690783e+01
   9.5891614e-01   8.6851274e-01  -1.5484489e+01
   9.5977695e-01   8.5313095e-01  -1.5279294e+01
   9.6062247e-01   8.3795378e-01  -1.5075230e+01
   9.6145292e-01   8.2298010e-01  -1.4872330e+01
   9.6226850e-01   8.0820872e-01  -1.4670626e+01
   9.6306941e-01   7.9363844e-01  -1.4470149e+01
   9.6385584e-01   7.7926801e-01  -1.4270927e+01
   9.6462801e-01   7.6509616e-01  -1.4072990e+01
   9.6538610e-01   7.5112159e-01  -1.3876366e+01
   9.6613032e-01   7.3734298e-01  -1.3681079e+01
   9.6686085e-01   7.2375898e-01  -1.3487156e+01
   9.6757790e-01   7.1036820e-01  -1.3294620e+01
   9.6828165e-01   6.9716926e-01  -1.3103496e+01
   9.6897230e-01   6.8416073e-01  -1.2913805e+01
   9.6965004e-01   6.7134117e-01  -1.2725569e+01
   9.7031505e-01   6.5870910e-01  -1.2538808e+01
   9.7096752e-01   6.4626305e-01  -1.2353542e+01
   9.7160763e-01   6.3400152e-01  -1.2169788e+01
   9.7223558e-01   6.2192297e-01  -1.1987565e+01
   9.7285154e-01   6.1002587e-01  -1.1806889e+01
   9.7345569e-01   5.9830867e-01  -1.1627776e+01
   9.7404822e-01   5.8676979e-01  -1.1450240e+01
   9.7462929e-01   5.7540766e-01  -1.1274296e+01
   9.7519909e-01   5.6422066e-01  -1.1099957e+01
   9.7575779e-01   5.5320720e-01  -1.0927234e+01
   9.7630556e-01   5.4236565e-01  -1.0756139e+01
   9.7684258e-01   5.3169438e-01  -1.0586684e+01
   9.7736901e-01   5.2119174e-01  -1.0418876e+01
   9.7788502e-01   5.1085607e-01  -1.0252727e+01
   9.7839078e-01   5.0068573e-01  -1.0088243e+01
   9.7888644e-01   4.9067903e-01  -9.9254318e+00
   9.7937219e-01   4.8083431e-01  -9.7643008e+00
   9.7984817e-01   4.7114987e-01  -9.6048556e+00
   9.8031454e-01   4.6162403e-01  -9.4471013e+00
   9.8077147e-01   4.5225510e-01  -9.2910426e+00
   9.8121910e-01   4.4304138e-01  -9.1366833e+00
   9.8165760e-01   4.3398117e-01  -8.9840264e+00
   9.8208712e-01   4.2507276e-01  -8.8330746e+00
   9.8250780e-01   4.1631445e-01  -8.6838296e+00
   9.8291979e-01   4.0770453e-01  -8.5362927e+00
   9.8332325e-01   3.9924129e-01  -8.3904644e+00
   9.8371832e-01   3.9092303e-01  -8.2463447e+00
   9.8410515e-01   3.8274803e-01  -8.1039330e+00
   9.8448387e-01   3.7471460e-01  -7.9632282e+00
   9.8485462e-01   3.6682101e-01  -7.8242285e+00
   9.8521756e-01   3.5906557e-01  -7.6869316e+00
   9.8557280e-01   3.5144658e-01  -7.5513347e+00
   9.8592049e-01   3.4396234e-01  -7.4174344e+00
   9.8626077e-01   3.3661115e-01  -7.2852270e+00
   9.8659376e-01   3.2939132e-01  -7.1547079e+00
   9.8691960e-01   3.2230117e-01  -7.0258725e+00
   9.8723840e-01   3.1533902e-01  -6.8987154e+00
   9.8755032e-01   3.0850318e-01  -6.7732309e+00
   9.8785545e-01   3.0179200e-01  -6.6494128e+00
   9.8815394e-01   2.9520380e-01  -6.5272546e+00
   9.8844590e-01   2.8873694e-01  -6.4067491e+00
   9.8873145e-01   2.8238976e-01  -6.2878891e+00
   9.8901072e-01   2.7616061e-01  -6.1706666e+00
   9.8928381e-01   2.7004788e-01  -6.0550736e+00
   9.8955085e-01   2.6404993e-01  -5.9411014e+00
   9.8981195e-01   2.5816514e-01  -5.8287413e+00
   9.9006722e-01   2.5239191e-01  -5.7179839e+00
   9.9031677e-01   2.4672864e-01  -5.6088198e+00
   9.9056071e-01   2.4117374e-01  -5.5012391e+00
   9.9079916e-01   2.3572564e-01  -5.3952317e+00
   9.9103220e-01   2.3038276e-01  -5.2907871e+00
   9.9125996e-01   2.2514355e-01  -5.1878946e+00
   9.9148252e-01   2.2000645e-01  -5.0865433e+00
   9.9170000e-01   2.1496995e-01  -4.9867218e+00
   9.9191249e-01   2.1003251e-01  -4.8884188e+00
   9.9212010e-01   2.0519261e-01  -4.7916225e+00
   9.9232291e-01   2.0044876e-01  -4.6963210e+00
   9.9252103e-01   1.9579947e-01  -4.6025022e+00
   9.9271454e-01   1.9124327e-01  -4.5101537e+00
   9.9290355e-01   1.8677868e-01  -4.4192630e+00
   9.9308813e-01   1.8240426e-01  -4.3298175e+00
   9.9326838e-01   1.7811857e-01  -4.2418042e+00
   9.9344440e-01   1.7392018e-01  -4.1552100e+00
   9.9361625e-01   1.6980768e-01  -4.0700219e+00
   9.9378404e-01   1.6577967e-01  -3.9862266e+00
   9.9394784e-01   1.6183477e-01  -3.9038104e+00
   9.9410774e-01   1.5797159e-01  -3.8227600e+00
   9.9426381e-01   1.5418880e-01  -3.7430615e+00
   9.9441614e-01   1.5048502e-01  -3.6647012e+00
   9.9456481e-01   1.4685895e-01  -3.5876653e+00
   9.9470988e-01   1.4330926e-01  -3.5119396e+00
   9.9485145e-01   1.3983464e-01  -3.4375103e+00
   9.9498958e-01   1.3643381e-01  -3.3643630e+00
   9.9512434e-01   1.3310549e-01  -3.2924838e+00
   9.9525581e-01   1.2984842e-01  -3.2218582e+00
   9.9538406e-01   1.2666136e-01  -3.1524720e+00
   9.9550916e-01   1.2354307e-01  -3.0843109e+00
   9.9563117e-01   1.2049234e-01  -3.0173605e+00
   9.9575016e-01   1.1750795e-01  -2.9516064e+00
   9.9586621e-01   1.1458873e-01  -2.8870341e+00
   9.9597936e-01   1.1173349e-01  -2.8236292e+00
   9.9608970e-01   1.0894109e-01  -2.7613774e+00
   9.9619727e-01   1.0621036e-01  -2.7002640e+00
   9.9630214e-01   1.0354018e-01  -2.6402747e+00
   9.9640437e-01   1.0092944e-01  -2.5813950e+00
   9.9650401e-01   9.8377029e-02  -2.5236106e+00
   9.9660114e-01   9.5881860e-02  -2.4669070e+00
   9.9669580e-01   9.3442859e-02  -2.4112699e+00
   9.9678804e-01   9.1058969e-02  -2.3566848e+00
   9.9687793e-01   8.8729144e-02  -2.3031376e+00
   9.9696552e-01   8.6452353e-02  -2.2506139e+00
   9.9705086e-01   8.4227580e-02  -2.1990995e+00
   9.9713399e-01   8.2053822e-02  -2.1485803e+00
   9.9721498e-01   7.9930092e-02  -2.0990422e+00
   9.9729387e-01   7.7855415e-02  -2.0504711e+00
   9.9737071e-01   7.5828832e-02  -2.0028530e+00
   9.9744554e-01   7.3849396e-02  -1.9561740e+00
   9.9751842e-01   7.1916176e-02  -1.9104202e+00
   9.9758939e-01   7.0028252e-02  -1.8655779e+00
   9.9765849e-01   6.8184721e-02  -1.8216335e+00
   9.9772577e-01   6.6384690e-02  -1.7785732e+00
   9.9779128e-01   6.4627284e-02  -1.7363836e+00
   9.9785504e-01   6.2911637e-02  -1.6950512e+00
   9.9791711e-01   6.1236900e-02  -1.6545627e+00
   9.9797753e-01   5.9602235e-02  -1.6149049e+00
   9.9803633e-01   5.8006818e-02  -1.5760645e+00
   9.9809355e-01   5.6449838e-02  -1.5380285e+00
   9.9814924e-01   5.4930497e-02  -1.5007841e+00
   9.9820343e-01   5.3448010e-02  -1.4643183e+00
   9.9825615e-01   5.2001605e-02  -1.4286184e+00
   9.9830744e-01   5.0590522e-02  -1.3936717e+00
   9.9835734e-01   4.9214015e-02  -1.3594659e+00
   9.9840588e-01   4.7871348e-02  -1.3259884e+00
   9.9845310e-01   4.6561799e-02  -1.2932269e+00
   9.9849902e-01   4.5284659e-02  -1.2611694e+00
   9.9854368e-01   4.4039230e-02  -1.2298037e+00
   9.9858711e-01   4.2824826e-02  -1.1991179e+00
   9.9862934e-01   4.1640772e-02  -1.1691002e+00
   9.9867040e-01   4.0486406e-02  -1.1397389e+00
   9.9871032e-01   3.9361079e-02  -1.1110224e+00
   9.9874913e-01   3.8264150e-02  -1.0829394e+00
   9.9878686e-01   3.7194993e-02  -1.0554784e+00
   9.9882353e-01   3.6152990e-02  -1.0286283e+00
   9.9885917e-01   3.5137536e-02  -1.0023781e+00
   9.9889381e-01   3.4148038e-02  -9.7671673e-01
   9.9892748e-01   3.3183910e-02  -9.5163346e-01
   9.9896019e-01   3.2244581e-02  -9.2711761e-01
   9.9899197e-01   3.1329489e-02  -9.0315861e-01
   9.9902285e-01   3.0438082e-02  -8.7974607e-01
   9.9905286e-01   2.9569818e-02  -8.5686969e-01
   9.9908200e-01   2.8724167e-02  -8.3451931e-01
   9.9911031e-01   2.7900608e-02  -8.1268492e-01
   9.9913781e-01   2.7098629e-02  -7.9135661e-01
   9.9916452e-01   2.6317729e-02  -7.7052463e-01
   9.9919045e-01   2.5557417e-02  -7.5017933e-01
   9.9921564e-01   2.4817211e-02  -7.3031123e-01
   9.9924009e-01   2.4096639e-02  -7.1091096e-01
   9.9926384e-01   2.3395237e-02  -6.9196926e-01
   9.9928689e-01   2.2712551e-02  -6.7347704e-01
   9.9930927e-01   2.2048136e-02  -6.5542532e-01
   9.9933099e-01   2.1401556e-02  -6.3780524e-01
   9.9935208e-01   2.0772384e-02  -6.2060809e-01
   9.9937254e-01   2.0160202e-02  -6.0382527e-01
   9.9939240e-01   1.9564598e-02  -5.8744833e-01
   9.9941168e-01   1.8985173e-02  -5.7146893e-01
   9.9943038e-01   1.8421531e-02  -5.5587886e-01
   9.9944853e-01   1.7873288e-02  -5.4067004e-01
   9.9946613e-01   1.7340066e-02  -5.2583452e-01
   9.9948321e-01   1.6821497e-02  -5.1136446e-01
   9.9949978e-01   1.6317218e-02  -4.9725217e-01
   9.9951585e-01   1.5826876e-02  -4.8349005e-01
   9.9953144e-01   1.5350124e-02  -4.7007065e-01
   9.9954655e-01   1.4886623e-02  -4.5698663e-01
   9.9956121e-01   1.4436041e-02  -4.4423077e-01
   9.9957543e-01   1.3998054e-02  -4.3179599e-01
   9.9958921e-01   1.3572344e-02  -4.1967529e-01
   9.9960258e-01   1.3158601e-02  -4.0786183e-01
   9.9961554e-01   1.2756521e-02  -3.9634886e-01
   9.9962810e-01   1.2365806e-02  -3.8512976e-01
   9.9964027e-01   1.1986165e-02  -3.7419801e-01
   9.9965207e-01   1.1617316e-02  -3.6354722e-01
   9.9966351e-01   1.1258979e-02  -3.5317110e-01
   9.9967459e-01   1.0910884e-02  -3.4306348e-01
   9.9968533e-01   1.0572765e-02  -3.3321831e-01
   9.9969574e-01   1.0244362e-02  -3.2362962e-01
   9.9970583e-01   9.9254221e-03  -3.1429158e-01
   9.9971560e-01   9.6156973e-03  -3.0519845e-01
   9.9972506e-01   9.3149455e-03  -2.9634460e-01
   9.9973423e-01   9.0229302e-03  -2.8772450e-01
   9.9974311e-01   8.7394203e-03  -2.7933273e-01
   9.9975171e-01   8.4641904e-03  -2.7116398e-01
   9.9976004e-01   8.1970198e-03  -2.6321302e-01
   9.9976811e-01   7.9376934e-03  -2.5547474e-01
   9.9977592e-01   7.6860011e-03  -2.4794412e-01
   9.9978348e-01   7.4417376e-03  -2.4061623e-01
   9.9979080e-01   7.2047026e-03  -2.3348625e-01
   9.9979789e-01   6.9747007e-03  -2.2654946e-01
   9.9980476e-01   6.7515409e-03  -2.1980120e-01
   9.9981140e-01   6.5350370e-03  -2.1323694e-01
   9.9981783e-01   6.3250072e-03  -2.0685222e-01
   9.9982405e-01   6.1212741e-03  -2.0064268e-01
   9.9983007e-01   5.9236648e-03  -1.9460405e-01
   9.9983590e-01   5.7320105e-03  -1.8873213e-01
   9.9984154e-01   5.5461464e-03  -1.8302283e-01
   9.9984699e-01   5.3659120e-03  -1.7747213e-01
   9.9985227e-01   5.1911506e-03  -1.7207609e-01
   9.9985738e-01   5.0217095e-03  -1.6683087e-01
   9.9986232e-01   4.8574398e-03  -1.6173270e-01
   9.9986709e-01   4.6981963e-03  -1.5677788e-01
   9.9987172e-01   4.5438375e-03  -1.5196281e-01
   9.9987618e-01   4.3942253e-03  -1.4728394e-01
   9.9988051e-01   4.2492253e-03  -1.4273784e-01
   9.9988468e-01   4.1087065e-03  -1.3832110e-01
   9.9988872e-01   3.9725411e-03  -1.3403042e-01
   9.9989263e-01   3.8406047e-03  -1.2986257e-01
   9.9989641e-01   3.7127761e-03  -1.2581438e-01
   9.9990006e-01   3.5889371e-03  -1.2188275e-01
   9.9990359e-01   3.4689727e-03  -1.1806466e-01
   9.9990700e-01   3.3527709e-03  -1.1435716e-01
   9.9991029e-01   3.2402225e-03  -1.1075734e-01
   9.9991348e-01   3.1312213e-03  -1.0726238e-01
   9.9991656e-01   3.0256637e-03  -1.0386952e-01
   9.9991953e-01   2.9234491e-03  -1.0057606e-01
   9.9992240e-01   2.8244794e-03  -9.7379358e-02
   9.9992518e-01   2.7286590e-03  -9.4276845e-02
   9.9992786e-01   2.6358951e-03  -9.1266000e-02
   9.9993045e-01   2.5460973e-03  -8.8344366e-02
   9.9993296e-01   2.4591775e-03  -8.5509542e-02
   9.9993537e-01   2.3750500e-03  -8.2759184e-02
   9.9993771e-01   2.2936317e-03  -8.0091003e-02
   9.9993996e-01   2.2148414e-03  -7.7502764e-02
   9.9994214e-01   2.1386002e-03  -7.4992286e-02
   9.9994424e-01   2.0648316e-03  -7.2557441e-02
   9.9994627e-01   1.9934608e-03  -7.0196151e-02
   9.9994823e-01   1.9244155e-03  -6.7906388e-02
   9.9995012e-01   1.8576249e-03  -6.5686175e-02
   9.9995194e-01   1.7930206e-03  -6.3533581e-02
   9.9995370e-01   1.7305358e-03  -6.1446725e-02
   9.9995540e-01   1.6701058e-03  -5.9423770e-02
   9.9995705e-01   1.6116676e-03  -5.7462925e-02
   9.9995863e-01   1.5551598e-03  -5.5562444e-02
   9.9996016e-01   1.5005231e-03  -5.3720625e-02
   9.9996163e-01   1.4476996e-03  -5.1935807e-02
   9.9996305e-01   1.3966331e-03  -5.0206372e-02
   9.9996442e-01   1.3472689e-03  -4.8530743e-02
   9.9996575e-01   1.2995541e-03  -4.6907383e-02
   9.9996702e-01   1.2534372e-03  -4.5334793e-02
   9.9996825e-01   1.2088681e-03  -4.3811514e-02
   9.9996944e-01   1.1657982e-03  -4.2336124e-02
   9.9997059e-01   1.1241804e-03  -4.0907236e-02
   9.9997169e-01   1.0839687e-03  -3.9523501e-02
   9.9997275e-01   1.0451188e-03  -3.8183605e-02
   9.9997378e-01   1.0075873e-03  -3.6886267e-02
   9.9997477e-01   9.7133246e-04  -3.5630241e-02
   9.9997572e-01   9.3631348e-04  -3.4414312e-02
   9.9997664e-01   9.0249086e-04  -3.3237300e-02
   9.9997753e-01   8.6982629e-04  -3.2098053e-02
   9.9997838e-01   8.3828254e-04  -3.0995452e-02
   9.9997921e-01   8.0782353e-04  -2.9928406e-02
   9.9998000e-01   7.7841423e-04  -2.8895856e-02
   9.9998076e-01   7.5002067e-04  -2.7896770e-02
   9.9998150e-01   7.2260987e-04  -2.6930142e-02
   9.9998221e-01   6.9614989e-04  -2.5994996e-02
   9.9998289e-01   6.7060970e-04  -2.5090383e-02
   9.9998355e-01   6.4595925e-04  -2.4215377e-02
   9.9998418e-01   6.2216938e-04  -2.3369080e-02
   9.9998480e-01   5.9921181e-04  -2.2550618e-02
   9.9998538e-01   5.7705915e-04  -2.1759141e-02
   9.9998595e-01   5.5568481e-04  -2.0993821e-02
   9.9998650e-01   5.3506305e-04  -2.0253857e-02
   9.9998702e-01   5.1516891e-04  -1.9538467e-02
   9.9998753e-01   4.9597818e-04  -1.8846892e-02
   9.9998801e-01   4.7746743e-04  -1.8178394e-02
   9.9998848e-01   4.5961394e-04  -1.7532256e-02
   9.9998893e-01   4.4239570e-04  -1.6907783e-02
   9.9998937e-01   4.2579138e-04  -1.6304296e-02
   9.9998978e-01   4.0978033e-04  -1.5721140e-02
   9.9999019e-01   3.9434254e-04  -1.5157675e-02
   9.9999057e-01   3.7945862e-04  -1.4613282e-02
   9.9999094e-01   3.6510982e-04  -1.4087357e-02
   9.9999130e-01   3.5127795e-04  -1.3579316e-02
   9.9999165e-01   3.3794542e-04  -1.3088591e-02
   9.9999198e-01   3.2509518e-04  -1.2614631e-02
   9.9999230e-01   3.1271074e-04  -1.2156900e-02
   9.9999260e-01   3.0077614e-04  -1.1714879e-02
   9.9999290e-01   2.8927592e-04  -1.1288063e-02
   9.9999318e-01   2.7819511e-04  -1.0875964e-02
   9.9999346e-01   2.6751924e-04  -1.0478106e-02
   9.9999372e-01   2.5723431e-04  -1.0094028e-02
   9.9999397e-01   2.4732674e-04  -9.7232837e-03
   9.9999421e-01   2.3778344e-04  -9.3654390e-03
   9.9999445e-01   2.2859171e-04  -9.0200732e-03
   9.9999467e-01   2.1973927e-04  -8.6867783e-03
   9.9999489e-01   2.1121426e-04  -8.3651586e-03
   9.9999509e-01   2.0300519e-04  -8.0548303e-03
   9.9999529e-01   1.9510096e-04  -7.7554213e-03
   9.9999548e-01   1.8749083e-04  -7.4665708e-03
   9.9999567e-01   1.8016441e-04  -7.1879292e-03
   9.9999584e-01   1.7311168e-04  -6.9191574e-03
   9.9999601e-01   1.6632292e-04  -6.6599268e-03
   9.9999618e-01   1.5978875e-04  -6.4099190e-03
   9.9999633e-01   1.5350011e-04  -6.1688254e-03
   9.9999648e-01   1.4744823e-04  -5.9363469e-03
   9.9999663e-01   1.4162464e-04  -5.7121938e-03
   9.9999677e-01   1.3602116e-04  -5.4960854e-03
   9.9999690e-01   1.3062988e-04  -5.2877499e-03
   9.9999703e-01   1.2544316e-04  -5.0869239e-03
   9.9999715e-01   1.2045361e-04  -4.8933522e-03
   9.9999727e-01   1.1565412e-04  -4.7067880e-03
   9.9999738e-01   1.1103778e-04  -4.5269920e-03
   9.9999749e-01   1.0659795e-04  -4.3537326e-03
   9.9999760e-01   1.0232821e-04  -4.1867857e-03
   9.9999770e-01   9.8222350e-05  -4.0259341e-03
   9.9999779e-01   9.4274381e-05  -3.8709679e-03
   9.9999788e-01   9.0478521e-05  -3.7216836e-03
   9.9999797e-01   8.6829185e-05  -3.5778846e-03
   9.9999806e-01   8.3320987e-05  -3.4393802e-03
   9.9999814e-01   7.9948722e-05  -3.3059864e-03
   9.9999822e-01   7.6707370e-05  -3.1775248e-03
   9.9999829e-01   7.3592085e-05  -3.0538231e-03
   9.9999837e-01   7.0598193e-05  -2.9347142e-03
   9.9999843e-01   6.7721180e-05  -2.8200370e-03
   9.9999850e-01   6.4956693e-05  -2.7096354e-03
   9.9999856e-01   6.2300534e-05  -2.6033584e-03
   9.9999863e-01   5.9748650e-05  -2.5010602e-03
   9.9999868e-01   5.7297135e-05  -2.4025997e-03
   9.9999874e-01   5.4942217e-05  -2.3078403e-03
   9.9999879e-01   5.2680264e-05  -2.2166504e-03
   9.9999885e-01   5.0507769e-05  -2.1289025e-03
   9.9999889e-01   4.8421353e-05  -2.0444733e-03
   9.9999894e-01   4.6417756e-05  -1.9632438e-03
   9.9999899e-01   4.4493837e-05  -1.8850990e-03
   9.9999903e-01   4.2646567e-05  -1.8099278e-03
   9.9999907e-01   4.0873026e-05  -1.7376226e-03
   9.9999911e-01   3.9170401e-05  -1.6680799e-03
   9.9999915e-01   3.7535979e-05  -1.6011993e-03
   9.9999919e-01   3.5967147e-05  -1.5368842e-03
   9.9999922e-01   3.4461387e-05  -1.4750408e-03
   9.9999926e-01   3.3016272e-05  -1.4155791e-03
   9.9999929e-01   3.1629464e-05  -1.3584119e-03
   9.9999932e-01   3.0298711e-05  -1.3034548e-03
   9.9999935e-01   2.9021844e-05  -1.2506268e-03
   9.9999938e-01   2.7796774e-05  -1.1998493e-03
   9.9999941e-01   2.6621488e-05  -1.1510466e-03
   9.9999943e-01   2.5494047e-05  -1.1041456e-03
   9.9999946e-01   2.4412586e-05  -1.0590758e-03
   9.9999948e-01   2.3375308e-05  -1.0157691e-03
   9.9999950e-01   2.2380482e-05  -9.7415983e-04
   9.9999953e-01   2.1426444e-05  -9.3418463e-04
   9.9999955e-01   2.0511589e-05  -8.9578235e-04
   9.9999957e-01   1.9634374e-05  -8.5889402e-04
   9.9999959e-01   1.8793315e-05  -8.2346274e-04
   9.9999960e-01   1.7986981e-05  -7.8943365e-04
   9.9999962e-01   1.7213998e-05  -7.5675383e-04
   9.9999964e-01   1.6473041e-05  -7.2537227e-04
   9.9999965e-01   1.5762837e-05  -6.9523975e-04
   9.9999967e-01   1.5082161e-05  -6.6630885e-04
   9.9999968e-01   1.4429834e-05  -6.3853384e-04
   9.9999970e-01   1.3804723e-05  -6.1187062e-04
   9.9999971e-01   1.3205736e-05  -5.8627672e-04
   9.9999973e-01   1.2631826e-05  -5.6171118e-04
   9.9999974e-01   1.2081984e-05  -5.3813452e-04
   9.9999975e-01   1.1555240e-05  -5.1550874e-04
   9.9999976e-01   1.1050662e-05  -4.9379717e-04
   9.9999977e-01   1.0567353e-05  -4.7296451e-04
   9.9999978e-01   1.0104452e-05  -4.5297676e-04
   9.9999979e-01   9.6611290e-06  -4.3380116e-04
   9.9999980e-01   9.2365891e-06  -4.1540613e-04
   9.9999981e-01   8.8300666e-06  -3.9776131e-04
   9.9999982e-01   8.4408262e-06  -3.8083740e-04
   9.9999983e-01   8.0681609e-06  -3.6460624e-04
   9.9999984e-01   7.7113918e-06  -3.4904068e-04
   9.9999984e-01   7.3698664e-06  -3.3411460e-04
   9.9999985e-01   7.0429579e-06  -3.1980285e-04
   9.9999986e-01   6.7300640e-06  -3.0608121e-04
   9.9999986e-01   6.4306065e-06  -2.9292638e-04
   9.9999987e-01   6.1440298e-06  -2.8031593e-04
   9.9999988e-01   5.8698004e-06  -2.6822828e-04
   9.9999988e-01   5.6074059e-06  -2.5664266e-04
   9.9999989e-01   5.3563544e-06  -2.4553909e-04
   9.9999989e-01   5.1161735e-06  -2.3489834e-04
   9.9999990e-01   4.8864096e-06  -2.2470191e-04
   9.9999990e-01   4.6666275e-06  -2.1493201e-04
   9.9999991e-01   4.4564092e-06  -2.0557153e-04
   9.9999991e-01   4.2553535e-06  -1.9660402e-04
   9.9999991e-01   4.0630754e-06  -1.8801363e-04
   9.9999992e-01   3.8792056e-06  -1.7978516e-04
   9.9999992e-01   3.7033893e-06  -1.7190397e-04
   9.9999993e-01   3.5352866e-06  -1.6435599e-04
   9.9999993e-01   3.3745708e-06  -1.5712769e-04
   9.9999993e-01   3.2209290e-06  -1.5020608e-04
   9.9999994e-01   3.0740606e-06  -1.4357865e-04
   9.9999994e-01   2.9336776e-06  -1.3723339e-04
   9.9999994e-01   2.7995036e-06  -1.3115877e-04
   9.9999994e-01   2.6712736e-06  -1.2534369e-04
   9.9999995e-01   2.5487333e-06  -1.1977750e-04
   9.9999995e-01   2.4316390e-06  -1.1444995e-04
   9.9999995e-01   2.3197571e-06  -1.0935121e-04
   9.9999995e-01   2.2128635e-06  -1.0447183e-04
   9.9999996e-01   2.1107433e-06  -9.9802739e-05
   9.9999996e-01   2.0131908e-06  -9.5335214e-05
   9.9999996e-01   1.9200085e-06  -9.1060888e-05
   9.9999996e-01   1.8310073e-06  -8.6971721e-05
   9.9999996e-01   1.7460059e-06  -8.3059997e-05
   9.9999997e-01   1.6648307e-06  -7.9318303e-05
   9.9999997e-01   1.5873150e-06  -7.5739528e-05
   9.9999997e-01   1.5132996e-06  -7.2316841e-05
   9.9999997e-01   1.4426315e-06  -6.9043688e-05
   9.9999997e-01   1.3751644e-06  -6.5913778e-05
   9.9999997e-01   1.3107582e-06  -6.2921073e-05
   9.9999997e-01   1.2492785e-06  -6.0059780e-05
   9.9999998e-01   1.1905967e-06  -5.7324339e-05
   9.9999998e-01   1.1345897e-06  -5.4709417e-05
   9.9999998e-01   1.0811394e-06  -5.2209897e-05
   9.9999998e-01   1.0301330e-06  -4.9820870e-05
   9.9999998e-01   9.8146241e-07  -4.7537628e-05
   9.9999998e-01   9.3502402e-07  -4.5355655e-05
   9.9999998e-01   8.9071879e-07  -4.3270620e-05
   9.9999998e-01   8.4845186e-07  -4.1278369e-05
   9.9999998e-01   8.0813245e-07  -3.9374922e-05
   9.9999998e-01   7.6967369e-07  -3.7556458e-05
   9.9999999e-01   7.3299243e-07  -3.5819319e-05
   9.9999999e-01   6.9800911e-07  -3.4159993e-05
   9.9999999e-01   6.6464762e-07  -3.2575119e-05
   9.9999999e-01   6.3283513e-07  -3.1061471e-05
   9.9999999e-01   6.0250197e-07  -2.9615959e-05
   9.9999999e-01   5.7358149e-07  -2.8235624e-05
   9.9999999e-01   5.4600995e-07  -2.6917627e-05
   9.9999999e-01   5.1972637e-07  -2.5659249e-05
   9.9999999e-01   4.9467244e-07  -2.4457887e-05
   9.9999999e-01   4.7079242e-07  -2.3311044e-05
   9.9999999e-01   4.4803298e-07  -2.2216331e-05
   9.9999999e-01   4.2634315e-07  -2.1171458e-05
   9.9999999e-01   4.0567418e-07  -2.0174233e-05
   9.9999999e-01   3.8597950e-07  -1.9222555e-05
   9.9999999e-01   3.6721456e-07  -1.8314415e-05
   9.9999999e-01   3.4933680e-07  -1.7447886e-05
   9.9999999e-01   3.3230553e-07  -1.6621126e-05
   9.9999999e-01   3.1608188e-07  -1.5832369e-05
   9.9999999e-01   3.0062869e-07  -1.5079927e-05
   9.9999999e-01   2.8591046e-07  -1.4362183e-05
   9.9999999e-01   2.7189328e-07  -1.3677588e-05
   1.0000000e+00   2.5854473e-07  -1.3024661e-05
   1.0000000e+00   2.4583387e-07  -1.2401987e-05
   1.0000000e+00   2.3373113e-07  -1.1808207e-05
   1.0000000e+00   2.2220826e-07  -1.1242025e-05
   1.0000000e+00   2.1123829e-07  -1.0702199e-05
   1.0000000e+00   2.0079547e-07  -1.0187542e-05
   1.0000000e+00   1.9085520e-07  -9.6969171e-06
   1.0000000e+00   1.8139399e-07  -9.2292386e-06
   1.0000000e+00   1.7238942e-07  -8.7834671e-06
   1.0000000e+00   1.6382008e-07  -8.3586088e-06
   1.0000000e+00   1.5566555e-07  -7.9537135e-06
   1.0000000e+00   1.4790631e-07  -7.5678727e-06
